1200	0.292611
1196.01	0.296991
1192.04	0.300481
1188.11	0.3031
1184.19	0.304861
1180.31	0.305776
1176.44	0.305851
1172.61	0.305085
1168.8	0.303471
1165.01	0.300995
1161.25	0.297643
1157.51	0.293393
1153.8	0.288229
1150.11	0.282135
1146.44	0.275101
1142.8	0.267129
1139.18	0.258231
1135.58	0.248436
1132	0.237791
1128.45	0.226363
1124.92	0.214241
1121.41	0.201532
1117.93	0.18837
1114.46	0.174903
1111.02	0.161302
1107.6	0.14775
1104.2	0.134443
1100.82	0.121583
1097.46	0.109374
1094.12	0.0980199
1090.8	0.0877137
1087.5	0.0786367
1084.22	0.0709521
1080.96	0.0648003
1077.72	0.060295
1074.5	0.0575202
1071.3	0.0565276
1068.12	0.0573352
1064.96	0.0599266
1061.81	0.0642518
1058.68	0.0702284
1055.58	0.0777442
1052.49	0.0866602
1049.42	0.0968151
1046.36	0.108029
1043.33	0.120109
1040.31	0.132854
1037.31	0.146061
1034.32	0.159527
1031.36	0.173058
1028.41	0.186471
1025.48	0.199595
1022.56	0.212281
1019.66	0.224396
1016.78	0.235831
1013.91	0.246497
1011.06	0.256326
1008.22	0.265271
1005.41	0.273301
1002.6	0.280402
999.815	0.286574
997.043	0.291824
994.286	0.296167
991.544	0.299622
988.818	0.302207
986.106	0.303939
983.409	0.304829
980.727	0.304885
978.06	0.304108
975.407	0.302492
972.768	0.300025
970.144	0.296691
967.534	0.292472
964.937	0.287351
962.355	0.281311
959.786	0.274343
957.232	0.266448
954.69	0.257637
952.162	0.247937
949.648	0.237395
947.147	0.226074
944.658	0.21406
942.183	0.201461
939.721	0.188403
937.272	0.175037
934.835	0.161528
932.411	0.148056
930	0.134817
927.601	0.122009
925.214	0.109836
922.84	0.0984986
920.478	0.0881914
918.128	0.0790949
915.789	0.071373
913.463	0.065167
911.149	0.0605926
908.846	0.0577361
906.555	0.0566516
904.275	0.0573603
902.007	0.0598488
899.75	0.0640706
897.504	0.0699465
895.27	0.0773674
893.046	0.0861975
890.834	0.0962776
888.633	0.10743
886.442	0.119464
884.262	0.132179
882.093	0.145373
879.935	0.158842
877.787	0.172393
875.649	0.18584
873.522	0.199014
871.405	0.21176
869.299	0.223946
867.203	0.23546
865.116	0.24621
863.04	0.256127
860.974	0.265159
858.917	0.273276
856.871	0.280462
854.834	0.286713
852.806	0.292035
850.789	0.296444
848.78	0.299956
846.782	0.302589
844.792	0.304359
842.812	0.30528
840.842	0.305359
838.88	0.304596
836.928	0.302987
834.985	0.300522
833.05	0.297186
831.125	0.292962
829.208	0.287833
827.301	0.281785
825.402	0.27481
823.511	0.266908
821.63	0.258092
819.757	0.248391
817.892	0.237849
816.036	0.226531
814.189	0.214522
812.349	0.201929
810.518	0.188879
808.696	0.17552
806.881	0.162016
805.075	0.148547
803.276	0.135306
801.486	0.122492
799.703	0.110307
797.929	0.0989509
796.162	0.0886175
794.404	0.0794873
792.652	0.0717239
790.909	0.065469
789.173	0.0608387
787.445	0.0579196
785.725	0.0567669
784.012	0.0574024
782.306	0.059814
780.608	0.0639559
778.917	0.0697499
777.233	0.0770878
775.557	0.0858346
773.888	0.0958319
772.226	0.106903
770.571	0.118857
768.924	0.131494
767.283	0.144612
765.649	0.158008
764.023	0.171489
762.403	0.18487
760.79	0.19798
759.184	0.210667
757.584	0.222799
755.992	0.234263
754.406	0.244968
752.826	0.254846
751.253	0.263846
749.687	0.271938
748.128	0.279107
746.574	0.285349
745.028	0.290672
743.487	0.295091
741.953	0.298623
740.426	0.301287
738.904	0.303099
737.389	0.304074
735.88	0.304217
734.377	0.30353
732.88	0.302007
731.39	0.299639
729.905	0.29641
728.427	0.292301
726.954	0.287294
725.488	0.281374
724.027	0.274532
722.572	0.266765
721.123	0.258085
719.68	0.248517
718.242	0.238105
716.811	0.226911
715.385	0.215017
713.964	0.202529
712.55	0.189571
711.14	0.176289
709.737	0.162847
708.339	0.149425
706.946	0.136213
705.559	0.123411
704.178	0.111221
702.801	0.0998454
701.43	0.0894772
700.065	0.0802993
698.705	0.0724769
697.35	0.066154
696	0.0614489
694.656	0.0584505
693.316	0.0572164
691.982	0.0577707
690.653	0.0601032
689.329	0.06417
688.01	0.0698946
686.696	0.0771703
685.388	0.0858628
684.084	0.0958147
682.785	0.106849
681.491	0.118776
680.202	0.131395
678.918	0.144504
677.638	0.157899
676.364	0.171385
675.094	0.184777
673.829	0.197903
672.569	0.21061
671.313	0.222763
670.062	0.23425
668.816	0.244977
667.574	0.254875
666.337	0.263893
665.105	0.272
663.877	0.279177
662.654	0.285423
661.435	0.290745
660.22	0.295157
659.01	0.298677
657.805	0.301323
656.604	0.303114
655.407	0.304062
654.215	0.304176
653.027	0.303459
651.843	0.301906
650.663	0.299508
649.488	0.29625
648.317	0.292116
647.151	0.287089
645.988	0.281155
644.83	0.274302
643.675	0.266532
642.525	0.257855
641.379	0.248297
640.237	0.2379
639.1	0.226727
637.966	0.214858
636.836	0.202399
635.71	0.189472
634.588	0.176223
633.47	0.162814
632.356	0.149423
631.246	0.136239
630.14	0.123462
629.038	0.111291
627.939	0.0999284
626.845	0.089566
625.754	0.0803855
624.667	0.0725518
623.584	0.0662081
622.504	0.0614721
621.429	0.0584328
620.357	0.0571476
619.288	0.0576408
618.223	0.0599026
617.162	0.0638899
616.105	0.0695271
615.051	0.0767084
614.001	0.0853012
612.955	0.0951494
611.912	0.106078
610.872	0.117899
609.836	0.130414
608.804	0.143422
607.775	0.156723
606.749	0.170123
605.727	0.183438
604.709	0.196499
603.693	0.209154
602.682	0.221269
601.673	0.232732
600.668	0.243453
599.666	0.253359
598.668	0.262402
597.673	0.270548
596.681	0.277781
595.693	0.284096
594.708	0.2895
593.726	0.294005
592.747	0.297628
591.772	0.300387
590.8	0.302296
589.831	0.303369
588.865	0.303612
587.902	0.303025
586.942	0.301604
585.986	0.299336
585.033	0.296207
584.082	0.292199
583.135	0.287293
582.191	0.281473
581.25	0.274729
580.312	0.26706
579.377	0.258476
578.445	0.249002
577.516	0.238679
576.59	0.227571
575.667	0.215758
574.747	0.203344
573.83	0.190453
572.916	0.177231
572.004	0.16384
571.096	0.150458
570.19	0.137275
569.288	0.124491
568.388	0.112307
567.491	0.100923
566.597	0.0905339
565.705	0.0813205
564.817	0.0734482
563.931	0.0670606
563.048	0.062276
562.168	0.0591836
561.29	0.0578413
560.416	0.0582737
559.544	0.0604717
558.674	0.0643926
557.808	0.0699616
556.944	0.0770736
556.082	0.0855966
555.224	0.0953756
554.368	0.106236
553.515	0.117991
552.664	0.130443
551.816	0.14339
550.97	0.156635
550.127	0.169982
549.287	0.183249
548.449	0.196266
547.614	0.20888
546.782	0.220958
545.951	0.232388
545.124	0.243076
544.299	0.252952
543.476	0.261965
542.656	0.270082
541.838	0.277285
541.023	0.283569
540.21	0.288941
539.4	0.293413
538.592	0.297001
537.787	0.299725
536.984	0.301599
536.183	0.302638
535.385	0.302847
534.589	0.30223
533.795	0.300782
533.004	0.298493
532.215	0.295348
531.429	0.291331
530.644	0.286424
529.862	0.280613
529.083	0.273887
528.306	0.266246
527.531	0.2577
526.758	0.248274
525.987	0.23801
525.219	0.226967
524.453	0.215229
523.689	0.202895
522.928	0.190089
522.168	0.176955
521.411	0.163651
520.656	0.150355
519.904	0.137254
519.153	0.124544
518.405	0.112425
517.658	0.101095
516.914	0.0907458
516.172	0.0815568
515.432	0.073692
514.695	0.0672943
513.959	0.0624814
513.225	0.0593428
512.494	0.057937
511.765	0.0582901
511.037	0.0603948
510.312	0.0642109
509.589	0.0696661
508.868	0.0766588
508.149	0.0850602
507.432	0.0947187
506.717	0.105464
506.004	0.11711
505.293	0.129465
504.584	0.14233
503.877	0.155507
503.172	0.168805
502.469	0.182042
501.767	0.195048
501.068	0.207671
500.371	0.219777
499.676	0.231252
498.982	0.242003
498.291	0.251956
497.601	0.261058
496.914	0.269274
496.228	0.276583
495.544	0.282979
494.862	0.288464
494.182	0.29305
493.504	0.29675
492.828	0.29958
492.153	0.301556
491.481	0.302688
490.81	0.302983
490.141	0.302443
489.474	0.301063
488.808	0.298832
488.145	0.295738
487.483	0.291764
486.823	0.286893
486.165	0.281112
485.509	0.274412
484.854	0.266793
484.201	0.258266
483.55	0.248858
482.901	0.238612
482.253	0.227588
481.607	0.215868
480.963	0.203555
480.321	0.190771
479.68	0.177657
479.041	0.164375
478.404	0.1511
477.768	0.138017
477.134	0.125322
476.502	0.113213
475.871	0.101886
475.242	0.0915333
474.615	0.0823322
473.989	0.074446
473.366	0.068017
472.743	0.0631626
472.123	0.0599723
471.503	0.0585051
470.886	0.0587878
470.27	0.0608141
469.656	0.0645449
469.043	0.0699095
468.432	0.0768076
467.823	0.085112
467.215	0.0946726
466.609	0.10532
466.004	0.116872
465.401	0.129134
464.8	0.141909
464.2	0.155002
463.601	0.16822
463.004	0.181381
462.409	0.194316
461.815	0.206872
461.223	0.218916
460.632	0.230332
460.043	0.241027
459.455	0.250927
458.869	0.259979
458.284	0.268147
457.7	0.27541
457.119	0.281762
456.538	0.287208
455.959	0.291756
455.382	0.295424
454.806	0.298227
454.232	0.300181
453.659	0.301299
453.087	0.301588
452.517	0.301052
451.948	0.299686
451.381	0.297482
450.815	0.294426
450.25	0.290503
449.687	0.285696
449.126	0.279993
448.565	0.273383
448.007	0.265867
447.449	0.257455
446.893	0.248172
446.338	0.238057
445.785	0.227171
445.233	0.215592
444.683	0.20342
444.133	0.190774
443.586	0.177793
443.039	0.164635
442.494	0.151472
441.95	0.138488
441.408	0.125874
440.866	0.113829
440.327	0.102546
439.788	0.0922156
439.251	0.0830168
438.715	0.0751125
438.18	0.0686462
437.647	0.0637368
437.115	0.060476
436.584	0.0589255
436.055	0.0591148
435.527	0.0610409
435	0.0646679
434.474	0.0699284
433.95	0.0767252
433.427	0.0849341
432.905	0.0944074
432.385	0.104978
431.865	0.116465
431.347	0.128676
430.831	0.141414
430.315	0.154484
429.801	0.167693
429.288	0.180859
428.776	0.193811
428.265	0.206396
427.756	0.218476
427.248	0.229937
426.741	0.240681
426.235	0.250634
425.73	0.25974
425.227	0.267961
424.724	0.275275
424.223	0.281674
423.723	0.28716
423.225	0.291744
422.727	0.29544
422.231	0.298264
421.736	0.300232
421.242	0.301357
420.749	0.301647
420.257	0.301107
419.767	0.299732
419.277	0.297517
418.789	0.294449
418.302	0.290514
417.816	0.285698
417.331	0.279987
416.847	0.273375
416.364	0.265862
415.883	0.257458
415.402	0.248189
414.923	0.238095
414.445	0.227236
413.968	0.215689
413.492	0.203553
413.017	0.190947
412.543	0.178008
412.07	0.164891
411.599	0.151767
411.128	0.138819
410.659	0.126237
410.19	0.114217
409.723	0.102952
409.256	0.0926299
408.791	0.0834299
408.327	0.0755142
407.864	0.0690256
407.402	0.0640832
406.941	0.0607787
406.481	0.059174
406.022	0.0592993
405.564	0.061152
405.107	0.0646973
404.651	0.0698683
404.196	0.0765691
403.743	0.0846763
403.29	0.0940434
402.838	0.104505
402.387	0.115879
401.937	0.127977
401.489	0.140603
401.041	0.153561
400.594	0.166661
400.148	0.179721
399.704	0.192573
399.26	0.205063
398.817	0.217057
398.375	0.228439
397.934	0.239114
397.494	0.249009
397.056	0.258067
396.618	0.266253
396.181	0.273545
395.745	0.279935
395.31	0.285426
394.876	0.290027
394.442	0.293754
394.01	0.296623
393.579	0.29865
393.149	0.299846
392.719	0.30022
392.291	0.299774
391.863	0.298506
391.437	0.296407
391.011	0.293464
390.587	0.289662
390.163	0.284985
389.74	0.279418
389.318	0.272953
388.897	0.265588
388.477	0.257333
388.058	0.248209
387.639	0.238257
387.222	0.227534
386.805	0.216115
386.39	0.204097
385.975	0.191598
385.561	0.178754
385.148	0.165719
384.736	0.152662
384.325	0.139767
383.915	0.127223
383.505	0.115226
383.097	0.103969
382.689	0.0936428
382.282	0.0844251
381.876	0.0764801
381.471	0.0699517
381.067	0.0649602
380.663	0.0615989
380.261	0.0599311
379.859	0.0599883
379.458	0.0617693
379.058	0.0652406
378.659	0.0703368
378.261	0.0769627
377.863	0.0849962
377.467	0.0942918
377.071	0.104684
376.676	0.115994
376.282	0.128031
375.889	0.1406
375.496	0.153507
375.104	0.166561
374.713	0.17958
374.323	0.192395
373.934	0.204854
373.546	0.216821
373.158	0.228179
372.771	0.238834
372.385	0.24871
372	0.257753
371.616	0.265923
371.232	0.273198
370.849	0.279572
370.467	0.285045
370.086	0.289627
369.705	0.293333
369.326	0.296179
368.947	0.29818
368.569	0.29935
368.191	0.299697
367.815	0.299224
367.439	0.29793
367.064	0.295806
366.689	0.292842
366.316	0.289023
365.943	0.284333
365.571	0.278761
365.2	0.272297
364.829	0.264941
364.459	0.256703
364.09	0.247605
363.722	0.237687
363.355	0.227005
362.988	0.215636
362.622	0.203674
362.257	0.191237
361.892	0.178459
361.528	0.165493
361.165	0.152506
360.803	0.13968
360.441	0.127203
360.08	0.115268
359.72	0.104067
359.36	0.0937868
359.002	0.0846051
358.644	0.0766836
358.286	0.0701649
357.93	0.065168
357.574	0.061785
357.219	0.0600789
356.864	0.060081
356.51	0.0617906
356.157	0.0651747
355.805	0.0701693
355.453	0.0766811
355.102	0.0845901
354.752	0.0937532
354.402	0.104008
354.053	0.115178
353.705	0.127077
353.357	0.139513
353.01	0.152293
352.664	0.165231
352.319	0.178148
351.974	0.190877
351.63	0.203266
351.286	0.215181
350.943	0.226509
350.601	0.237153
350.26	0.247039
349.919	0.256109
349.579	0.264326
349.239	0.271666
348.9	0.278118
348.562	0.283684
348.225	0.288369
347.888	0.292187
347.552	0.295152
347.216	0.297276
346.881	0.298571
346.547	0.299044
346.213	0.298697
345.88	0.297525
345.548	0.29552
345.216	0.29267
344.885	0.288959
344.554	0.284373
344.225	0.278897
343.895	0.272523
343.567	0.265252
343.239	0.257092
342.912	0.248067
342.585	0.238217
342.259	0.227599
341.933	0.216289
341.609	0.204383
341.284	0.191998
340.961	0.179268
340.638	0.166347
340.315	0.153402
339.994	0.140612
339.673	0.128167
339.352	0.116258
339.032	0.105077
338.713	0.0948099
338.394	0.085633
338.076	0.0777074
337.758	0.0711747
337.441	0.0661536
337.125	0.0627358
336.809	0.0609839
336.494	0.0609296
336.179	0.0625725
335.866	0.0658804
335.552	0.0707904
335.239	0.0772103
334.927	0.0850218
334.615	0.0940832
334.304	0.104234
333.994	0.1153
333.684	0.127095
333.375	0.139429
333.066	0.152112
332.758	0.164958
332.45	0.177787
332.143	0.190435
331.836	0.20275
331.53	0.214597
331.225	0.225861
330.92	0.236447
330.616	0.246279
330.312	0.2553
330.009	0.26347
329.707	0.270764
329.405	0.277172
329.103	0.282694
328.802	0.287336
328.502	0.291111
328.202	0.294034
327.903	0.296117
327.604	0.297373
327.306	0.297809
327.008	0.297429
326.711	0.296229
326.415	0.294204
326.119	0.291341
325.823	0.287627
325.528	0.283048
325.234	0.277592
324.94	0.271251
324.646	0.264026
324.354	0.255927
324.061	0.246977
323.77	0.237215
323.478	0.226698
323.188	0.2155
322.897	0.203715
322.608	0.191458
322.318	0.178861
322.03	0.166074
321.742	0.153261
321.454	0.140599
321.167	0.128272
320.88	0.11647
320.594	0.105382
320.309	0.0951896
320.024	0.0860678
319.739	0.0781758
319.455	0.0716542
319.172	0.066621
318.889	0.0631683
318.606	0.0613596
318.324	0.0612283
318.042	0.0627765
317.761	0.0659747
317.481	0.0707633
317.201	0.0770539
316.921	0.084732
316.642	0.09366
316.364	0.103681
316.086	0.114625
315.808	0.126308
315.531	0.138545
315.254	0.151146
314.978	0.163927
314.702	0.176712
314.427	0.189334
314.153	0.201641
313.878	0.2135
313.605	0.224793
313.331	0.235423
313.059	0.245313
312.786	0.254402
312.514	0.262648
312.243	0.270025
311.972	0.276519
311.702	0.282128
311.432	0.286855
311.162	0.290712
310.893	0.293712
310.625	0.295866
310.357	0.297185
310.089	0.297677
309.822	0.297345
309.555	0.296187
309.289	0.294196
309.023	0.291362
308.758	0.287672
308.493	0.283115
308.229	0.27768
307.965	0.27136
307.701	0.264157
307.438	0.256083
307.175	0.247163
306.913	0.237435
306.652	0.226957
306.39	0.215804
306.129	0.204069
305.869	0.191865
305.609	0.179325
305.35	0.166597
305.09	0.153842
304.832	0.141237
304.574	0.128963
304.316	0.117208
304.059	0.106158
303.802	0.0959944
303.545	0.0868899
303.289	0.0790023
303.034	0.0724715
302.779	0.0674148
302.524	0.0639244
302.27	0.0620641
302.016	0.0618678
301.762	0.0633384
301.509	0.0664481
301.257	0.0711385
301.004	0.0773229
300.753	0.0848885
300.501	0.0936994
300.25	0.103601
300	0.114422
